[label]
sizex = 4 in
sizey = 1.375 in

[sheet]
sizex = 8.5 in
sizey = 11 in
offx = 0.15625 in
offy = 0.78125 in
incx = 1.375 in
incy = 4.1875 in
nrows = 7
ncols = 2
